1183
2306
1476
567
1549
1028
3687
3074
2485
3460
2028
253
3805
2103
2268
258
263
3006
3429
2972
254
695
2505
336
1981
3735
2711
2844
1634
735
1650
615
3059
344
1260
544
31
2806
1417
809
2053
2840
765
1237
2633
3198
1754
2357
1169
1640
2608
3209
3983
1097
3792
2956
3539
107
3333
125
592
2950
370
1404
3335
1356
600
3841
1727
154
3484
150
980
1315
2120
1916
2194
3635
1147
1762
1123
3029
1787
1438
3945
2523
3500
1185
3676
3404
1882
1733
2062
182
1443
3550
752
2535
1274
3964
2210
1838
2167
1880
2912
3771
939
3040
3281
1997
2324
2669
3090
1962
2533
116
1480
1758
3188
2275
1845
1420
1197
1548
3023
1656
2940
1757
1734
2918
2838
280
443
1449
1233
2148
1075
3755
653
1581
678
1947
2255
2342
1683
80
1463
1553
2135
2891
3346
2791
232
812
3886
3469
3375
1588
1982
1213
1912
633
3489
918
1800
3943
1597
2127
2137
461
1172
3162
1995
3107
764
3764
1808
2887
2965
1450
2399
2792
1554
1050
2340
2381
2025
3897
1984
2305
498
2472
574
2958
3950
905
552
2804
2755
662
3730
483
243
872
1381
2164
1341
560
3762
3729
2121
2065
2027
1897
3196
1910
1579
1854
3396
581
896
1517
3980
1122
455
2179
4048
3969
1850
983
2823
3784
2817
1705
989
1025
21
2307
900
2253
2396
1731
824
3185
2245
1426
3295
257
3275
2048
1092
36
1242
3621
3341
2993
3624
943
921
300
3922
1359
3043
2554
2230
3586
1131
2479
1194
2934
2629
3900
594
1031
3502
200
1482
3027
2089
2578
2231
974
175
541
702
1693
1653
3678
944
2981
1429
3530
538
2880
3150
3058
1967
2284
597
3655
237
1153
1032
2726
3105
2971
308
3340
4033
3972
2813
2933
1454
1035
984
55
2644
525
1720
147
2599
2623
1408
2862
1083
1644
1659
2444
686
1865
3920
400
1368
3515
3863
3072
602
3080
2612
3660
475
1525
508
3855
942
2188
2973
401
2159
248
2741
3255
871
1357
3970
143
2375
1321
2828
2482
1177
1355
2390
2080
1121
3516
1267
1302
3708
1809
3476
3632
3856
701
1064
2739
2955
2347
663
315
388
306
2732
1466
3197
2294
2075
2856
868
2886
3302
3173
1971
2829
3442
1499
3430
3570
1111
2783
